Capture:
1D27F6FF A7F6 FF 1
1D27F6FF A7F6 FF 1
0D27F6FF A7F6 FF 0
1D27F6FF A7F6 FF 1
0D27F6FF A7F6 FF 0
190000FF 0000 FF 1
090000FF 0000 FF 0
110000ED 0000 ED 1
010000FF 0000 FF 0
110000FF 0000 FF 1
110000FF 0000 FF 1
010000FF 0000 FF 0
110000FF 0000 FF 1
090000FF 0000 FF 0
190000FF 0000 FF 1
0D0000FF 8000 FF 0
1D0000FF 8000 FF 1
0D0000FF 8000 FF 0
1D0000FF 8000 FF 1
190000FF 0000 FF 1
090000EF 0000 EF 0
190000ED 0000 ED 1
090000ED 0000 ED 0
190000ED 0000 ED 1
090000ED 0000 ED 0
190000ED 0000 ED 1
190000ED 0000 ED 1
090000ED 0000 ED 0
190000ED 0000 ED 1
090000ED 0000 ED 0
190000ED 0000 ED 1
090000ED 0000 ED 0
19000056 0000 56 1
09000056 0000 56 0
19000056 0000 56 1
19000056 0000 56 1
09000056 0000 56 0
19000056 0000 56 1
09000056 0000 56 0
19000056 0000 56 1
09000056 0000 56 0
19000056 0000 56 1
09000256 0002 56 0
19000231 0002 31 1
19000231 0002 31 1
09000231 0002 31 0
19000231 0002 31 1
09000231 0002 31 0
19000231 0002 31 1
09000231 0002 31 0
19000231 0002 31 1
19000231 0002 31 1
09000231 0002 31 0
19000231 0002 31 1
09000231 0002 31 0
19000287 0002 87 1
09000287 0002 87 0
19000287 0002 87 1
09000287 0002 87 0
19000287 0002 87 1
19000487 0004 87 1
09000481 0004 81 0
19000481 0004 81 1
09000481 0004 81 0
19000481 0004 81 1
09000481 0004 81 0
19000481 0004 81 1
09000481 0004 81 0
19000418 0004 18 1
19000418 0004 18 1
09000418 0004 18 0
19000418 0004 18 1
09000418 0004 18 0
19000218 0002 18 1
09000218 0002 18 0
19000218 0002 18 1
19000218 0002 18 1
09000218 0002 18 0
19000618 0006 18 1
09000618 0006 18 0
19000634 0006 34 1
09000634 0006 34 0
19000634 0006 34 1
09000634 0006 34 0
19000634 0006 34 1
19000634 0006 34 1
09000634 0006 34 0
19000634 0006 34 1
09000634 0006 34 0
19000634 0006 34 1
09000634 0006 34 0
19000634 0006 34 1
09000634 0006 34 0
09000634 0006 34 0
19000634 0006 34 1
09000634 0006 34 0
19003234 0032 34 1
09003234 0032 34 0
19003221 0032 21 1
09003221 0032 21 0

1D27F6FF A7F6 FF 1
1D27F6FF A7F6 FF 1
0D27F6FF A7F6 FF 0
1D27F6FF A7F6 FF 1
0D27F6FF A7F6 FF 0
190000FF 0000 FF 1
090000FF 0000 FF 0
110000ED 0000 ED 1
010000FF 0000 FF 0
110000FF 0000 FF 1
110000FF 0000 FF 1
010000FF 0000 FF 0
110000FF 0000 FF 1
090000FF 0000 FF 0
190000FF 0000 FF 1
0D0000FF 8000 FF 0
1D0000FF 8000 FF 1
0D0000FF 8000 FF 0
1D0000FF 8000 FF 1
190000FF 0000 FF 1
090000EF 0000 EF 0
190000ED 0000 ED 1
090000ED 0000 ED 0
190000ED 0000 ED 1
090000ED 0000 ED 0
190000ED 0000 ED 1
190000ED 0000 ED 1
090000ED 0000 ED 0
190000ED 0000 ED 1
090000ED 0000 ED 0
190000ED 0000 ED 1
090000ED 0000 ED 0
19000056 0000 56 1
09000056 0000 56 0
19000056 0000 56 1
19000056 0000 56 1
09000056 0000 56 0
19000056 0000 56 1
09000056 0000 56 0
19000056 0000 56 1
09000056 0000 56 0
19000056 0000 56 1
09000256 0002 56 0
19000231 0002 31 1
19000231 0002 31 1
09000231 0002 31 0
19000231 0002 31 1
09000231 0002 31 0
19000231 0002 31 1
09000231 0002 31 0
19000231 0002 31 1
19000231 0002 31 1
09000231 0002 31 0
19000231 0002 31 1
09000231 0002 31 0
19000287 0002 87 1
09000287 0002 87 0
19000287 0002 87 1
09000287 0002 87 0
19000287 0002 87 1
19000487 0004 87 1
09000481 0004 81 0
19000481 0004 81 1
09000481 0004 81 0
19000481 0004 81 1
09000481 0004 81 0
19000481 0004 81 1
09000481 0004 81 0
19000418 0004 18 1
19000418 0004 18 1
09000418 0004 18 0
19000418 0004 18 1
09000418 0004 18 0
19000218 0002 18 1
09000218 0002 18 0
19000218 0002 18 1
19000218 0002 18 1
09000218 0002 18 0
19000618 0006 18 1
09000618 0006 18 0
19000634 0006 34 1
09000634 0006 34 0
19000634 0006 34 1
09000634 0006 34 0
19000634 0006 34 1
19000634 0006 34 1
09000634 0006 34 0
19000634 0006 34 1
09000634 0006 34 0
19000634 0006 34 1
09000634 0006 34 0
19000634 0006 34 1
09000634 0006 34 0
09000634 0006 34 0
19000634 0006 34 1
09000634 0006 34 0
19003234 0032 34 1
09003234 0032 34 0
19003221 0032 21 1
09003221 0032 21 0

1D27F6FF A7F6 FF 1
1D27F6FF A7F6 FF 1
0D27F6FF A7F6 FF 0
1D27F6FF A7F6 FF 1
0D27F6FF A7F6 FF 0
190000FF 0000 FF 1
090000FF 0000 FF 0
110000ED 0000 ED 1
010000FF 0000 FF 0
110000FF 0000 FF 1
110000FF 0000 FF 1
010000FF 0000 FF 0
110000FF 0000 FF 1
090000FF 0000 FF 0
190000FF 0000 FF 1
0D0000FF 8000 FF 0
1D0000FF 8000 FF 1
0D0000FF 8000 FF 0
1D0000FF 8000 FF 1
190000FF 0000 FF 1
090000EF 0000 EF 0
190000ED 0000 ED 1
090000ED 0000 ED 0
190000ED 0000 ED 1
090000ED 0000 ED 0
190000ED 0000 ED 1
190000ED 0000 ED 1
090000ED 0000 ED 0
190000ED 0000 ED 1
090000ED 0000 ED 0
190000ED 0000 ED 1
090000ED 0000 ED 0
19000056 0000 56 1
09000056 0000 56 0
19000056 0000 56 1
19000056 0000 56 1
09000056 0000 56 0
19000056 0000 56 1
09000056 0000 56 0
19000056 0000 56 1
09000056 0000 56 0
19000056 0000 56 1
09000256 0002 56 0
19000231 0002 31 1
19000231 0002 31 1
09000231 0002 31 0
19000231 0002 31 1
09000231 0002 31 0
19000231 0002 31 1
09000231 0002 31 0
19000231 0002 31 1
19000231 0002 31 1
09000231 0002 31 0
19000231 0002 31 1
09000231 0002 31 0
19000287 0002 87 1
09000287 0002 87 0
19000287 0002 87 1
09000287 0002 87 0
19000287 0002 87 1
19000487 0004 87 1
09000481 0004 81 0
19000481 0004 81 1
09000481 0004 81 0
19000481 0004 81 1
09000481 0004 81 0
19000481 0004 81 1
09000481 0004 81 0
19000418 0004 18 1
19000418 0004 18 1
09000418 0004 18 0
19000418 0004 18 1
09000418 0004 18 0
19000218 0002 18 1
09000218 0002 18 0
19000218 0002 18 1
19000218 0002 18 1
09000218 0002 18 0
19000618 0006 18 1
09000618 0006 18 0
19000634 0006 34 1
09000634 0006 34 0
19000634 0006 34 1
09000634 0006 34 0
19000634 0006 34 1
19000634 0006 34 1
09000634 0006 34 0
19000634 0006 34 1
09000634 0006 34 0
19000634 0006 34 1
09000634 0006 34 0
19000634 0006 34 1
09000634 0006 34 0
09000634 0006 34 0
19000634 0006 34 1
09000634 0006 34 0
19003234 0032 34 1
09003234 0032 34 0
19003221 0032 21 1
09003221 0032 21 0

1D27F6FF A7F6 FF 1
1D27F6FF A7F6 FF 1
0D27F6FF A7F6 FF 0
1D27F6FF A7F6 FF 1
0D27F6FF A7F6 FF 0
190000FF 0000 FF 1
090000FF 0000 FF 0
110000ED 0000 ED 1
010000FF 0000 FF 0
110000FF 0000 FF 1
110000FF 0000 FF 1
010000FF 0000 FF 0
110000FF 0000 FF 1
090000FF 0000 FF 0
190000FF 0000 FF 1
0D0000FF 8000 FF 0
1D0000FF 8000 FF 1
0D0000FF 8000 FF 0
1D0000FF 8000 FF 1
190000FF 0000 FF 1
090000EF 0000 EF 0
190000ED 0000 ED 1
090000ED 0000 ED 0
190000ED 0000 ED 1
090000ED 0000 ED 0
190000ED 0000 ED 1
190000ED 0000 ED 1
090000ED 0000 ED 0
190000ED 0000 ED 1
090000ED 0000 ED 0
190000ED 0000 ED 1
090000ED 0000 ED 0
19000056 0000 56 1
09000056 0000 56 0
19000056 0000 56 1
19000056 0000 56 1
09000056 0000 56 0
19000056 0000 56 1
09000056 0000 56 0
19000056 0000 56 1
09000056 0000 56 0
19000056 0000 56 1
09000256 0002 56 0
19000231 0002 31 1
19000231 0002 31 1
09000231 0002 31 0
19000231 0002 31 1
09000231 0002 31 0
19000231 0002 31 1
09000231 0002 31 0
19000231 0002 31 1
19000231 0002 31 1
09000231 0002 31 0
19000231 0002 31 1
09000231 0002 31 0
19000287 0002 87 1
09000287 0002 87 0
19000287 0002 87 1
09000287 0002 87 0
19000287 0002 87 1
19000487 0004 87 1
09000481 0004 81 0
19000481 0004 81 1
09000481 0004 81 0
19000481 0004 81 1
09000481 0004 81 0
19000481 0004 81 1
09000481 0004 81 0
19000418 0004 18 1
19000418 0004 18 1
09000418 0004 18 0
19000418 0004 18 1
09000418 0004 18 0
19000218 0002 18 1
09000218 0002 18 0
19000218 0002 18 1
19000218 0002 18 1
09000218 0002 18 0
19000618 0006 18 1
09000618 0006 18 0
19000634 0006 34 1
09000634 0006 34 0
19000634 0006 34 1
09000634 0006 34 0
19000634 0006 34 1
19000634 0006 34 1
09000634 0006 34 0
19000634 0006 34 1
09000634 0006 34 0
19000634 0006 34 1
09000634 0006 34 0
19000634 0006 34 1
09000634 0006 34 0
09000634 0006 34 0
19000634 0006 34 1
09000634 0006 34 0
19003234 0032 34 1
09003234 0032 34 0
19003221 0032 21 1
09003221 0032 21 0

1D27F6FF A7F6 FF 1
1D27F6FF A7F6 FF 1
0D27F6FF A7F6 FF 0
1D27F6FF A7F6 FF 1
0D27F6FF A7F6 FF 0
190000FF 0000 FF 1
090000FF 0000 FF 0
110000ED 0000 ED 1
010000FF 0000 FF 0
110000FF 0000 FF 1
110000FF 0000 FF 1
010000FF 0000 FF 0
110000FF 0000 FF 1
090000FF 0000 FF 0
190000FF 0000 FF 1
0D0000FF 8000 FF 0
1D0000FF 8000 FF 1
0D0000FF 8000 FF 0
1D0000FF 8000 FF 1
190000FF 0000 FF 1
090000EF 0000 EF 0
190000ED 0000 ED 1
090000ED 0000 ED 0
190000ED 0000 ED 1
090000ED 0000 ED 0
190000ED 0000 ED 1
190000ED 0000 ED 1
090000ED 0000 ED 0
190000ED 0000 ED 1
090000ED 0000 ED 0
190000ED 0000 ED 1
090000ED 0000 ED 0
19000056 0000 56 1
09000056 0000 56 0
19000056 0000 56 1
19000056 0000 56 1
09000056 0000 56 0
19000056 0000 56 1
09000056 0000 56 0
19000056 0000 56 1
09000056 0000 56 0
19000056 0000 56 1
09000256 0002 56 0
19000231 0002 31 1
19000231 0002 31 1
09000231 0002 31 0
19000231 0002 31 1
09000231 0002 31 0
19000231 0002 31 1
09000231 0002 31 0
19000231 0002 31 1
19000231 0002 31 1
09000231 0002 31 0
19000231 0002 31 1
09000231 0002 31 0
19000287 0002 87 1
09000287 0002 87 0
19000287 0002 87 1
09000287 0002 87 0
19000287 0002 87 1
19000487 0004 87 1
09000481 0004 81 0
19000481 0004 81 1
09000481 0004 81 0
19000481 0004 81 1
09000481 0004 81 0
19000481 0004 81 1
09000481 0004 81 0
19000418 0004 18 1
19000418 0004 18 1
09000418 0004 18 0
19000418 0004 18 1
09000418 0004 18 0
19000218 0002 18 1
09000218 0002 18 0
19000218 0002 18 1
19000218 0002 18 1
09000218 0002 18 0
19000618 0006 18 1
09000618 0006 18 0
19000634 0006 34 1
09000634 0006 34 0
19000634 0006 34 1
09000634 0006 34 0
19000634 0006 34 1
19000634 0006 34 1
09000634 0006 34 0
19000634 0006 34 1
09000634 0006 34 0
19000634 0006 34 1
09000634 0006 34 0
19000634 0006 34 1
09000634 0006 34 0
09000634 0006 34 0
19000634 0006 34 1
09000634 0006 34 0
19003234 0032 34 1
09003234 0032 34 0
19003221 0032 21 1
09003221 0032 21 0

1D27F6FF A7F6 FF 1
1D27F6FF A7F6 FF 1
0D27F6FF A7F6 FF 0
1D27F6FF A7F6 FF 1
0D27F6FF A7F6 FF 0
190000FF 0000 FF 1
090000FF 0000 FF 0
110000ED 0000 ED 1
010000FF 0000 FF 0
110000FF 0000 FF 1
110000FF 0000 FF 1
010000FF 0000 FF 0
110000FF 0000 FF 1
090000FF 0000 FF 0
190000FF 0000 FF 1
0D0000FF 8000 FF 0
1D0000FF 8000 FF 1
0D0000FF 8000 FF 0
1D0000FF 8000 FF 1
190000FF 0000 FF 1
090000EF 0000 EF 0
190000ED 0000 ED 1
090000ED 0000 ED 0
190000ED 0000 ED 1
090000ED 0000 ED 0
190000ED 0000 ED 1
190000ED 0000 ED 1
090000ED 0000 ED 0
190000ED 0000 ED 1
090000ED 0000 ED 0
190000ED 0000 ED 1
090000ED 0000 ED 0
19000056 0000 56 1
09000056 0000 56 0
19000056 0000 56 1
19000056 0000 56 1
09000056 0000 56 0
19000056 0000 56 1
09000056 0000 56 0
19000056 0000 56 1
09000056 0000 56 0
19000056 0000 56 1
09000256 0002 56 0
19000231 0002 31 1
19000231 0002 31 1
09000231 0002 31 0
19000231 0002 31 1
09000231 0002 31 0
19000231 0002 31 1
09000231 0002 31 0
19000231 0002 31 1
19000231 0002 31 1
09000231 0002 31 0
19000231 0002 31 1
09000231 0002 31 0
19000287 0002 87 1
09000287 0002 87 0
19000287 0002 87 1
09000287 0002 87 0
19000287 0002 87 1
19000487 0004 87 1
09000481 0004 81 0
19000481 0004 81 1
09000481 0004 81 0
19000481 0004 81 1
09000481 0004 81 0
19000481 0004 81 1
09000481 0004 81 0
19000418 0004 18 1
19000418 0004 18 1
09000418 0004 18 0
19000418 0004 18 1
09000418 0004 18 0
19000218 0002 18 1
09000218 0002 18 0
19000218 0002 18 1
19000218 0002 18 1
09000218 0002 18 0
19000618 0006 18 1
09000618 0006 18 0
19000634 0006 34 1
09000634 0006 34 0
19000634 0006 34 1
09000634 0006 34 0
19000634 0006 34 1
19000634 0006 34 1
09000634 0006 34 0
19000634 0006 34 1
09000634 0006 34 0
19000634 0006 34 1
09000634 0006 34 0
19000634 0006 34 1
09000634 0006 34 0
09000634 0006 34 0
19000634 0006 34 1
09000634 0006 34 0
19003234 0032 34 1
09003234 0032 34 0
19003221 0032 21 1
09003221 0032 21 0

1D27F6FF A7F6 FF 1
1D27F6FF A7F6 FF 1
0D27F6FF A7F6 FF 0
1D27F6FF A7F6 FF 1
0D27F6FF A7F6 FF 0
190000FF 0000 FF 1
090000FF 0000 FF 0
110000ED 0000 ED 1
010000FF 0000 FF 0
110000FF 0000 FF 1
110000FF 0000 FF 1
010000FF 0000 FF 0
110000FF 0000 FF 1
090000FF 0000 FF 0
190000FF 0000 FF 1
0D0000FF 8000 FF 0
1D0000FF 8000 FF 1
0D0000FF 8000 FF 0
1D0000FF 8000 FF 1
190000FF 0000 FF 1
090000EF 0000 EF 0
190000ED 0000 ED 1
090000ED 0000 ED 0
190000ED 0000 ED 1
090000ED 0000 ED 0
190000ED 0000 ED 1
190000ED 0000 ED 1
090000ED 0000 ED 0
190000ED 0000 ED 1
090000ED 0000 ED 0
190000ED 0000 ED 1
090000ED 0000 ED 0
19000056 0000 56 1
09000056 0000 56 0
19000056 0000 56 1
19000056 0000 56 1
09000056 0000 56 0
19000056 0000 56 1
09000056 0000 56 0
19000056 0000 56 1
09000056 0000 56 0
19000056 0000 56 1
09000256 0002 56 0
19000231 0002 31 1
19000231 0002 31 1
09000231 0002 31 0
19000231 0002 31 1
09000231 0002 31 0
19000231 0002 31 1
09000231 0002 31 0
19000231 0002 31 1
19000231 0002 31 1
09000231 0002 31 0
19000231 0002 31 1
09000231 0002 31 0
19000287 0002 87 1
09000287 0002 87 0
19000287 0002 87 1
09000287 0002 87 0
19000287 0002 87 1
19000487 0004 87 1
09000481 0004 81 0
19000481 0004 81 1
09000481 0004 81 0
19000481 0004 81 1
09000481 0004 81 0
19000481 0004 81 1
09000481 0004 81 0
19000418 0004 18 1
19000418 0004 18 1
09000418 0004 18 0
19000418 0004 18 1
09000418 0004 18 0
19000218 0002 18 1
09000218 0002 18 0
19000218 0002 18 1
19000218 0002 18 1
09000218 0002 18 0
19000618 0006 18 1
09000618 0006 18 0
19000634 0006 34 1
09000634 0006 34 0
19000634 0006 34 1
09000634 0006 34 0
19000634 0006 34 1
19000634 0006 34 1
09000634 0006 34 0
19000634 0006 34 1
09000634 0006 34 0
19000634 0006 34 1
09000634 0006 34 0
19000634 0006 34 1
09000634 0006 34 0
09000634 0006 34 0
19000634 0006 34 1
09000634 0006 34 0
19003234 0032 34 1
09003234 0032 34 0
19003221 0032 21 1
09003221 0032 21 0

1D27F6FF A7F6 FF 1
1D27F6FF A7F6 FF 1
0D27F6FF A7F6 FF 0
1D27F6FF A7F6 FF 1
0D27F6FF A7F6 FF 0
190000FF 0000 FF 1
090000FF 0000 FF 0
110000ED 0000 ED 1
010000FF 0000 FF 0
110000FF 0000 FF 1
110000FF 0000 FF 1
010000FF 0000 FF 0
110000FF 0000 FF 1
090000FF 0000 FF 0
190000FF 0000 FF 1
0D0000FF 8000 FF 0
1D0000FF 8000 FF 1
0D0000FF 8000 FF 0
1D0000FF 8000 FF 1
190000FF 0000 FF 1
090000EF 0000 EF 0
190000ED 0000 ED 1
090000ED 0000 ED 0
190000ED 0000 ED 1
090000ED 0000 ED 0
190000ED 0000 ED 1
190000ED 0000 ED 1
090000ED 0000 ED 0
190000ED 0000 ED 1
090000ED 0000 ED 0
190000ED 0000 ED 1
090000ED 0000 ED 0
19000056 0000 56 1
09000056 0000 56 0
19000056 0000 56 1
19000056 0000 56 1
09000056 0000 56 0
19000056 0000 56 1
09000056 0000 56 0
19000056 0000 56 1
09000056 0000 56 0
19000056 0000 56 1
09000256 0002 56 0
19000231 0002 31 1
19000231 0002 31 1
09000231 0002 31 0
19000231 0002 31 1
09000231 0002 31 0
19000231 0002 31 1
09000231 0002 31 0
19000231 0002 31 1
19000231 0002 31 1
09000231 0002 31 0
19000231 0002 31 1
09000231 0002 31 0
19000287 0002 87 1
09000287 0002 87 0
19000287 0002 87 1
09000287 0002 87 0
19000287 0002 87 1
19000487 0004 87 1
09000481 0004 81 0
19000481 0004 81 1
09000481 0004 81 0
19000481 0004 81 1
09000481 0004 81 0
19000481 0004 81 1
09000481 0004 81 0
19000418 0004 18 1
19000418 0004 18 1
09000418 0004 18 0
19000418 0004 18 1
09000418 0004 18 0
19000218 0002 18 1
09000218 0002 18 0
19000218 0002 18 1
19000218 0002 18 1
09000218 0002 18 0
19000618 0006 18 1
09000618 0006 18 0
19000634 0006 34 1
09000634 0006 34 0
19000634 0006 34 1
09000634 0006 34 0
19000634 0006 34 1
19000634 0006 34 1
09000634 0006 34 0
19000634 0006 34 1
09000634 0006 34 0
19000634 0006 34 1
09000634 0006 34 0
19000634 0006 34 1
09000634 0006 34 0
09000634 0006 34 0
19000634 0006 34 1
09000634 0006 34 0
19003234 0032 34 1
09003234 0032 34 0
19003221 0032 21 1
09003221 0032 21 0

1D27F6FF A7F6 FF 1
1D27F6FF A7F6 FF 1
0D27F6FF A7F6 FF 0
1D27F6FF A7F6 FF 1
0D27F6FF A7F6 FF 0
190000FF 0000 FF 1
090000FF 0000 FF 0
110000ED 0000 ED 1
010000FF 0000 FF 0
110000FF 0000 FF 1
110000FF 0000 FF 1
010000FF 0000 FF 0
110000FF 0000 FF 1
090000FF 0000 FF 0
190000FF 0000 FF 1
0D0000FF 8000 FF 0
1D0000FF 8000 FF 1
0D0000FF 8000 FF 0
1D0000FF 8000 FF 1
190000FF 0000 FF 1
090000EF 0000 EF 0
190000ED 0000 ED 1
090000ED 0000 ED 0
190000ED 0000 ED 1
090000ED 0000 ED 0
190000ED 0000 ED 1
190000ED 0000 ED 1
090000ED 0000 ED 0
190000ED 0000 ED 1
090000ED 0000 ED 0
190000ED 0000 ED 1
090000ED 0000 ED 0
19000056 0000 56 1
09000056 0000 56 0
19000056 0000 56 1
19000056 0000 56 1
09000056 0000 56 0
19000056 0000 56 1
09000056 0000 56 0
19000056 0000 56 1
09000056 0000 56 0
19000056 0000 56 1
09000256 0002 56 0
19000231 0002 31 1
19000231 0002 31 1
09000231 0002 31 0
19000231 0002 31 1
09000231 0002 31 0
19000231 0002 31 1
09000231 0002 31 0
19000231 0002 31 1
19000231 0002 31 1
09000231 0002 31 0
19000231 0002 31 1
09000231 0002 31 0
19000287 0002 87 1
09000287 0002 87 0
19000287 0002 87 1
09000287 0002 87 0
19000287 0002 87 1
19000487 0004 87 1
09000481 0004 81 0
19000481 0004 81 1
09000481 0004 81 0
19000481 0004 81 1
09000481 0004 81 0
19000481 0004 81 1
09000481 0004 81 0
19000418 0004 18 1
19000418 0004 18 1
09000418 0004 18 0
19000418 0004 18 1
09000418 0004 18 0
19000218 0002 18 1
09000218 0002 18 0
19000218 0002 18 1
19000218 0002 18 1
09000218 0002 18 0
19000618 0006 18 1
09000618 0006 18 0
19000634 0006 34 1
09000634 0006 34 0
19000634 0006 34 1
09000634 0006 34 0
19000634 0006 34 1
19000634 0006 34 1
09000634 0006 34 0
19000634 0006 34 1
09000634 0006 34 0
19000634 0006 34 1
09000634 0006 34 0
19000634 0006 34 1
09000634 0006 34 0
09000634 0006 34 0
19000634 0006 34 1
09000634 0006 34 0
19003234 0032 34 1
09003234 0032 34 0
19003221 0032 21 1
09003221 0032 21 0

1D27F6FF A7F6 FF 1
1D27F6FF A7F6 FF 1
0D27F6FF A7F6 FF 0
1D27F6FF A7F6 FF 1
0D27F6FF A7F6 FF 0
190000FF 0000 FF 1
090000FF 0000 FF 0
110000ED 0000 ED 1
010000FF 0000 FF 0
110000FF 0000 FF 1
110000FF 0000 FF 1
010000FF 0000 FF 0
110000FF 0000 FF 1
090000FF 0000 FF 0
190000FF 0000 FF 1
0D0000FF 8000 FF 0
1D0000FF 8000 FF 1
0D0000FF 8000 FF 0
1D0000FF 8000 FF 1
190000FF 0000 FF 1
090000EF 0000 EF 0
190000ED 0000 ED 1
090000ED 0000 ED 0
190000ED 0000 ED 1
090000ED 0000 ED 0
190000ED 0000 ED 1
190000ED 0000 ED 1
090000ED 0000 ED 0
190000ED 0000 ED 1
090000ED 0000 ED 0
190000ED 0000 ED 1
090000ED 0000 ED 0
19000056 0000 56 1
09000056 0000 56 0
19000056 0000 56 1
19000056 0000 56 1
09000056 0000 56 0
19000056 0000 56 1
09000056 0000 56 0
19000056 0000 56 1
09000056 0000 56 0
19000056 0000 56 1
09000256 0002 56 0
19000231 0002 31 1
19000231 0002 31 1
09000231 0002 31 0
19000231 0002 31 1
09000231 0002 31 0
19000231 0002 31 1
09000231 0002 31 0
19000231 0002 31 1
19000231 0002 31 1
09000231 0002 31 0
19000231 0002 31 1
09000231 0002 31 0
19000287 0002 87 1
09000287 0002 87 0
19000287 0002 87 1
09000287 0002 87 0
19000287 0002 87 1
19000487 0004 87 1
09000481 0004 81 0
19000481 0004 81 1
09000481 0004 81 0
19000481 0004 81 1
09000481 0004 81 0
19000481 0004 81 1
09000481 0004 81 0
19000418 0004 18 1
19000418 0004 18 1
09000418 0004 18 0
19000418 0004 18 1
09000418 0004 18 0
19000218 0002 18 1
09000218 0002 18 0
19000218 0002 18 1
19000218 0002 18 1
09000218 0002 18 0
19000618 0006 18 1
09000618 0006 18 0
19000634 0006 34 1
09000634 0006 34 0
19000634 0006 34 1
09000634 0006 34 0
19000634 0006 34 1
19000634 0006 34 1
09000634 0006 34 0
19000634 0006 34 1
09000634 0006 34 0
19000634 0006 34 1
09000634 0006 34 0
19000634 0006 34 1
09000634 0006 34 0
09000634 0006 34 0
19000634 0006 34 1
09000634 0006 34 0
19003234 0032 34 1
09003234 0032 34 0
19003221 0032 21 1
09003221 0032 21 0

1D27F6FF A7F6 FF 1
1D27F6FF A7F6 FF 1
0D27F6FF A7F6 FF 0
1D27F6FF A7F6 FF 1
0D27F6FF A7F6 FF 0
190000FF 0000 FF 1
090000FF 0000 FF 0
110000ED 0000 ED 1
010000FF 0000 FF 0
110000FF 0000 FF 1
110000FF 0000 FF 1
010000FF 0000 FF 0
110000FF 0000 FF 1
090000FF 0000 FF 0
190000FF 0000 FF 1
0D0000FF 8000 FF 0
1D0000FF 8000 FF 1
0D0000FF 8000 FF 0
1D0000FF 8000 FF 1
190000FF 0000 FF 1
090000EF 0000 EF 0
190000ED 0000 ED 1
090000ED 0000 ED 0
190000ED 0000 ED 1
090000ED 0000 ED 0
190000ED 0000 ED 1
190000ED 0000 ED 1
090000ED 0000 ED 0
190000ED 0000 ED 1
090000ED 0000 ED 0
190000ED 0000 ED 1
090000ED 0000 ED 0
19000056 0000 56 1
09000056 0000 56 0
19000056 0000 56 1
19000056 0000 56 1
09000056 0000 56 0
19000056 0000 56 1
09000056 0000 56 0
19000056 0000 56 1
09000056 0000 56 0
19000056 0000 56 1
09000256 0002 56 0
19000231 0002 31 1
19000231 0002 31 1
09000231 0002 31 0
19000231 0002 31 1
09000231 0002 31 0
19000231 0002 31 1
09000231 0002 31 0
19000231 0002 31 1
19000231 0002 31 1
09000231 0002 31 0
19000231 0002 31 1
09000231 0002 31 0
19000287 0002 87 1
09000287 0002 87 0
19000287 0002 87 1
09000287 0002 87 0
19000287 0002 87 1
19000487 0004 87 1
09000481 0004 81 0
19000481 0004 81 1
09000481 0004 81 0
19000481 0004 81 1
09000481 0004 81 0
19000481 0004 81 1
09000481 0004 81 0
19000418 0004 18 1
19000418 0004 18 1
09000418 0004 18 0
19000418 0004 18 1
09000418 0004 18 0
19000218 0002 18 1
09000218 0002 18 0
19000218 0002 18 1
19000218 0002 18 1
09000218 0002 18 0
19000618 0006 18 1
09000618 0006 18 0
19000634 0006 34 1
09000634 0006 34 0
19000634 0006 34 1
09000634 0006 34 0
19000634 0006 34 1
19000634 0006 34 1
09000634 0006 34 0
19000634 0006 34 1
09000634 0006 34 0
19000634 0006 34 1
09000634 0006 34 0
19000634 0006 34 1
09000634 0006 34 0
09000634 0006 34 0
19000634 0006 34 1
09000634 0006 34 0
19003234 0032 34 1
09003234 0032 34 0
19003221 0032 21 1
09003221 0032 21 0

1D27F6FF A7F6 FF 1
1D27F6FF A7F6 FF 1
0D27F6FF A7F6 FF 0
1D27F6FF A7F6 FF 1
0D27F6FF A7F6 FF 0
190000FF 0000 FF 1
090000FF 0000 FF 0
110000ED 0000 ED 1
010000FF 0000 FF 0
110000FF 0000 FF 1
110000FF 0000 FF 1
010000FF 0000 FF 0
110000FF 0000 FF 1
090000FF 0000 FF 0
190000FF 0000 FF 1
0D0000FF 8000 FF 0
1D0000FF 8000 FF 1
0D0000FF 8000 FF 0
1D0000FF 8000 FF 1
190000FF 0000 FF 1
090000EF 0000 EF 0
190000ED 0000 ED 1
090000ED 0000 ED 0
190000ED 0000 ED 1
090000ED 0000 ED 0
190000ED 0000 ED 1
190000ED 0000 ED 1
090000ED 0000 ED 0
190000ED 0000 ED 1
090000ED 0000 ED 0
190000ED 0000 ED 1
090000ED 0000 ED 0
19000056 0000 56 1
09000056 0000 56 0
19000056 0000 56 1
19000056 0000 56 1
09000056 0000 56 0
19000056 0000 56 1
09000056 0000 56 0
19000056 0000 56 1
09000056 0000 56 0
19000056 0000 56 1
09000256 0002 56 0
19000231 0002 31 1
19000231 0002 31 1
09000231 0002 31 0
19000231 0002 31 1
09000231 0002 31 0
19000231 0002 31 1
09000231 0002 31 0
19000231 0002 31 1
19000231 0002 31 1
09000231 0002 31 0
19000231 0002 31 1
09000231 0002 31 0
19000287 0002 87 1
09000287 0002 87 0
19000287 0002 87 1
09000287 0002 87 0
19000287 0002 87 1
19000487 0004 87 1
09000481 0004 81 0
19000481 0004 81 1
09000481 0004 81 0
19000481 0004 81 1
09000481 0004 81 0
19000481 0004 81 1
09000481 0004 81 0
19000418 0004 18 1
19000418 0004 18 1
09000418 0004 18 0
19000418 0004 18 1
09000418 0004 18 0
19000218 0002 18 1
09000218 0002 18 0
19000218 0002 18 1
19000218 0002 18 1
09000218 0002 18 0
19000618 0006 18 1
09000618 0006 18 0
19000634 0006 34 1
09000634 0006 34 0
19000634 0006 34 1
09000634 0006 34 0
19000634 0006 34 1
19000634 0006 34 1
09000634 0006 34 0
19000634 0006 34 1
09000634 0006 34 0
19000634 0006 34 1
09000634 0006 34 0
19000634 0006 34 1
09000634 0006 34 0
09000634 0006 34 0
19000634 0006 34 1
09000634 0006 34 0
19003234 0032 34 1
09003234 0032 34 0
19003221 0032 21 1
09003221 0032 21 0

1D27F6FF A7F6 FF 1
1D27F6FF A7F6 FF 1
0D27F6FF A7F6 FF 0
1D27F6FF A7F6 FF 1
0D27F6FF A7F6 FF 0
190000FF 0000 FF 1
090000FF 0000 FF 0
110000ED 0000 ED 1
010000FF 0000 FF 0
110000FF 0000 FF 1
110000FF 0000 FF 1
010000FF 0000 FF 0
110000FF 0000 FF 1
090000FF 0000 FF 0
190000FF 0000 FF 1
0D0000FF 8000 FF 0
1D0000FF 8000 FF 1
0D0000FF 8000 FF 0
1D0000FF 8000 FF 1
190000FF 0000 FF 1
090000EF 0000 EF 0
190000ED 0000 ED 1
090000ED 0000 ED 0
190000ED 0000 ED 1
090000ED 0000 ED 0
190000ED 0000 ED 1
190000ED 0000 ED 1
090000ED 0000 ED 0
190000ED 0000 ED 1
090000ED 0000 ED 0
190000ED 0000 ED 1
090000ED 0000 ED 0
19000056 0000 56 1
09000056 0000 56 0
19000056 0000 56 1
19000056 0000 56 1
09000056 0000 56 0
19000056 0000 56 1
09000056 0000 56 0
19000056 0000 56 1
09000056 0000 56 0
19000056 0000 56 1
09000256 0002 56 0
19000231 0002 31 1
19000231 0002 31 1
09000231 0002 31 0
19000231 0002 31 1
09000231 0002 31 0
19000231 0002 31 1
09000231 0002 31 0
19000231 0002 31 1
19000231 0002 31 1
09000231 0002 31 0
19000231 0002 31 1
09000231 0002 31 0
19000287 0002 87 1
09000287 0002 87 0
19000287 0002 87 1
09000287 0002 87 0
19000287 0002 87 1
19000487 0004 87 1
09000481 0004 81 0
19000481 0004 81 1
09000481 0004 81 0
19000481 0004 81 1
09000481 0004 81 0
19000481 0004 81 1
09000481 0004 81 0
19000418 0004 18 1
19000418 0004 18 1
09000418 0004 18 0
19000418 0004 18 1
09000418 0004 18 0
19000218 0002 18 1
09000218 0002 18 0
19000218 0002 18 1
19000218 0002 18 1
09000218 0002 18 0
19000618 0006 18 1
09000618 0006 18 0
19000634 0006 34 1
09000634 0006 34 0
19000634 0006 34 1
09000634 0006 34 0
19000634 0006 34 1
19000634 0006 34 1
09000634 0006 34 0
19000634 0006 34 1
09000634 0006 34 0
19000634 0006 34 1
09000634 0006 34 0
19000634 0006 34 1
09000634 0006 34 0
09000634 0006 34 0
19000634 0006 34 1
09000634 0006 34 0
19003234 0032 34 1
09003234 0032 34 0
19003221 0032 21 1
09003221 0032 21 0

1D27F6FF A7F6 FF 1
1D27F6FF A7F6 FF 1
0D27F6FF A7F6 FF 0
1D27F6FF A7F6 FF 1
0D27F6FF A7F6 FF 0
190000FF 0000 FF 1
090000FF 0000 FF 0
110000ED 0000 ED 1
010000FF 0000 FF 0
110000FF 0000 FF 1
110000FF 0000 FF 1
010000FF 0000 FF 0
110000FF 0000 FF 1
090000FF 0000 FF 0
190000FF 0000 FF 1
0D0000FF 8000 FF 0
1D0000FF 8000 FF 1
0D0000FF 8000 FF 0
1D0000FF 8000 FF 1
190000FF 0000 FF 1
090000EF 0000 EF 0
190000ED 0000 ED 1
090000ED 0000 ED 0
190000ED 0000 ED 1
090000ED 0000 ED 0
190000ED 0000 ED 1
190000ED 0000 ED 1
090000ED 0000 ED 0
190000ED 0000 ED 1
090000ED 0000 ED 0
190000ED 0000 ED 1
090000ED 0000 ED 0
19000056 0000 56 1
09000056 0000 56 0
19000056 0000 56 1
19000056 0000 56 1
09000056 0000 56 0
19000056 0000 56 1
09000056 0000 56 0
19000056 0000 56 1
09000056 0000 56 0
19000056 0000 56 1
09000256 0002 56 0
19000231 0002 31 1
19000231 0002 31 1
09000231 0002 31 0
19000231 0002 31 1
09000231 0002 31 0
19000231 0002 31 1
09000231 0002 31 0
19000231 0002 31 1
19000231 0002 31 1
09000231 0002 31 0
19000231 0002 31 1
09000231 0002 31 0
19000287 0002 87 1
09000287 0002 87 0
19000287 0002 87 1
09000287 0002 87 0
19000287 0002 87 1
19000487 0004 87 1
09000481 0004 81 0
19000481 0004 81 1
09000481 0004 81 0
19000481 0004 81 1
09000481 0004 81 0
19000481 0004 81 1
09000481 0004 81 0
19000418 0004 18 1
19000418 0004 18 1
09000418 0004 18 0
19000418 0004 18 1
09000418 0004 18 0
19000218 0002 18 1
09000218 0002 18 0
19000218 0002 18 1
19000218 0002 18 1
09000218 0002 18 0
19000618 0006 18 1
09000618 0006 18 0
19000634 0006 34 1
09000634 0006 34 0
19000634 0006 34 1
09000634 0006 34 0
19000634 0006 34 1
19000634 0006 34 1
09000634 0006 34 0
19000634 0006 34 1
09000634 0006 34 0
19000634 0006 34 1
09000634 0006 34 0
19000634 0006 34 1
09000634 0006 34 0
09000634 0006 34 0
19000634 0006 34 1
09000634 0006 34 0
19003234 0032 34 1
09003234 0032 34 0
19003221 0032 21 1
09003221 0032 21 0

1D27F6FF A7F6 FF 1
1D27F6FF A7F6 FF 1
0D27F6FF A7F6 FF 0
1D27F6FF A7F6 FF 1
0D27F6FF A7F6 FF 0
190000FF 0000 FF 1
090000FF 0000 FF 0
110000ED 0000 ED 1
010000FF 0000 FF 0
110000FF 0000 FF 1
110000FF 0000 FF 1
010000FF 0000 FF 0
110000FF 0000 FF 1
090000FF 0000 FF 0
190000FF 0000 FF 1
0D0000FF 8000 FF 0
1D0000FF 8000 FF 1
0D0000FF 8000 FF 0
1D0000FF 8000 FF 1
190000FF 0000 FF 1
090000EF 0000 EF 0
190000ED 0000 ED 1
090000ED 0000 ED 0
190000ED 0000 ED 1
090000ED 0000 ED 0
190000ED 0000 ED 1
190000ED 0000 ED 1
090000ED 0000 ED 0
190000ED 0000 ED 1
090000ED 0000 ED 0
190000ED 0000 ED 1
090000ED 0000 ED 0
19000056 0000 56 1
09000056 0000 56 0
19000056 0000 56 1
19000056 0000 56 1
09000056 0000 56 0
19000056 0000 56 1
09000056 0000 56 0
19000056 0000 56 1
09000056 0000 56 0
19000056 0000 56 1
09000256 0002 56 0
19000231 0002 31 1
19000231 0002 31 1
09000231 0002 31 0
19000231 0002 31 1
09000231 0002 31 0
19000231 0002 31 1
09000231 0002 31 0
19000231 0002 31 1
19000231 0002 31 1
09000231 0002 31 0
19000231 0002 31 1
09000231 0002 31 0
19000287 0002 87 1
09000287 0002 87 0
19000287 0002 87 1
09000287 0002 87 0
19000287 0002 87 1
19000487 0004 87 1
09000481 0004 81 0
19000481 0004 81 1
09000481 0004 81 0
19000481 0004 81 1
09000481 0004 81 0
19000481 0004 81 1
09000481 0004 81 0
19000418 0004 18 1
19000418 0004 18 1
09000418 0004 18 0
19000418 0004 18 1
09000418 0004 18 0
19000218 0002 18 1
09000218 0002 18 0
19000218 0002 18 1
19000218 0002 18 1
09000218 0002 18 0
19000618 0006 18 1
09000618 0006 18 0
19000634 0006 34 1
09000634 0006 34 0
19000634 0006 34 1
09000634 0006 34 0
19000634 0006 34 1
19000634 0006 34 1
09000634 0006 34 0
19000634 0006 34 1
09000634 0006 34 0
19000634 0006 34 1
09000634 0006 34 0
19000634 0006 34 1
09000634 0006 34 0
09000634 0006 34 0
19000634 0006 34 1
09000634 0006 34 0
19003234 0032 34 1
09003234 0032 34 0
19003221 0032 21 1
09003221 0032 21 0

1D27F6FF A7F6 FF 1
1D27F6FF A7F6 FF 1
0D27F6FF A7F6 FF 0
1D27F6FF A7F6 FF 1
0D27F6FF A7F6 FF 0
190000FF 0000 FF 1
090000FF 0000 FF 0
110000ED 0000 ED 1
010000FF 0000 FF 0
110000FF 0000 FF 1
110000FF 0000 FF 1
010000FF 0000 FF 0
110000FF 0000 FF 1
090000FF 0000 FF 0
190000FF 0000 FF 1
0D0000FF 8000 FF 0
1D0000FF 8000 FF 1
0D0000FF 8000 FF 0
1D0000FF 8000 FF 1
190000FF 0000 FF 1
090000EF 0000 EF 0
190000ED 0000 ED 1
090000ED 0000 ED 0
190000ED 0000 ED 1
090000ED 0000 ED 0
190000ED 0000 ED 1
190000ED 0000 ED 1
090000ED 0000 ED 0
190000ED 0000 ED 1
090000ED 0000 ED 0
190000ED 0000 ED 1
090000ED 0000 ED 0
19000056 0000 56 1
09000056 0000 56 0
19000056 0000 56 1
19000056 0000 56 1
09000056 0000 56 0
19000056 0000 56 1
09000056 0000 56 0
19000056 0000 56 1
09000056 0000 56 0
19000056 0000 56 1
09000256 0002 56 0
19000231 0002 31 1
19000231 0002 31 1
09000231 0002 31 0
19000231 0002 31 1
09000231 0002 31 0
19000231 0002 31 1
09000231 0002 31 0
19000231 0002 31 1
19000231 0002 31 1
09000231 0002 31 0
19000231 0002 31 1
09000231 0002 31 0
19000287 0002 87 1
09000287 0002 87 0
19000287 0002 87 1
09000287 0002 87 0
19000287 0002 87 1
19000487 0004 87 1
09000481 0004 81 0
19000481 0004 81 1
09000481 0004 81 0
19000481 0004 81 1
09000481 0004 81 0
19000481 0004 81 1
09000481 0004 81 0
19000418 0004 18 1
19000418 0004 18 1
09000418 0004 18 0
19000418 0004 18 1
09000418 0004 18 0
19000218 0002 18 1
09000218 0002 18 0
19000218 0002 18 1
19000218 0002 18 1
09000218 0002 18 0
19000618 0006 18 1
09000618 0006 18 0
19000634 0006 34 1
09000634 0006 34 0
19000634 0006 34 1
09000634 0006 34 0
19000634 0006 34 1
19000634 0006 34 1
09000634 0006 34 0
19000634 0006 34 1
09000634 0006 34 0
19000634 0006 34 1
09000634 0006 34 0
19000634 0006 34 1
09000634 0006 34 0
09000634 0006 34 0
19000634 0006 34 1
09000634 0006 34 0
19003234 0032 34 1
09003234 0032 34 0
19003221 0032 21 1
09003221 0032 21 0

1D27F6FF A7F6 FF 1
1D27F6FF A7F6 FF 1
0D27F6FF A7F6 FF 0
1D27F6FF A7F6 FF 1
0D27F6FF A7F6 FF 0
190000FF 0000 FF 1
090000FF 0000 FF 0
110000ED 0000 ED 1
010000FF 0000 FF 0
110000FF 0000 FF 1
110000FF 0000 FF 1
010000FF 0000 FF 0
110000FF 0000 FF 1
090000FF 0000 FF 0
190000FF 0000 FF 1
0D0000FF 8000 FF 0
1D0000FF 8000 FF 1
0D0000FF 8000 FF 0
1D0000FF 8000 FF 1
190000FF 0000 FF 1
090000EF 0000 EF 0
190000ED 0000 ED 1
090000ED 0000 ED 0
190000ED 0000 ED 1
090000ED 0000 ED 0
190000ED 0000 ED 1
190000ED 0000 ED 1
090000ED 0000 ED 0
190000ED 0000 ED 1
090000ED 0000 ED 0
190000ED 0000 ED 1
090000ED 0000 ED 0
19000056 0000 56 1
09000056 0000 56 0
19000056 0000 56 1
19000056 0000 56 1
09000056 0000 56 0
19000056 0000 56 1
09000056 0000 56 0
19000056 0000 56 1
09000056 0000 56 0
19000056 0000 56 1
09000256 0002 56 0
19000231 0002 31 1
19000231 0002 31 1
09000231 0002 31 0
19000231 0002 31 1
09000231 0002 31 0
19000231 0002 31 1
09000231 0002 31 0
19000231 0002 31 1
19000231 0002 31 1
09000231 0002 31 0
19000231 0002 31 1
09000231 0002 31 0
19000287 0002 87 1
09000287 0002 87 0
19000287 0002 87 1
09000287 0002 87 0
19000287 0002 87 1
19000487 0004 87 1
09000481 0004 81 0
19000481 0004 81 1
09000481 0004 81 0
19000481 0004 81 1
09000481 0004 81 0
19000481 0004 81 1
09000481 0004 81 0
19000418 0004 18 1
19000418 0004 18 1
09000418 0004 18 0
19000418 0004 18 1
09000418 0004 18 0
19000218 0002 18 1
09000218 0002 18 0
19000218 0002 18 1
19000218 0002 18 1
09000218 0002 18 0
19000618 0006 18 1
09000618 0006 18 0
19000634 0006 34 1
09000634 0006 34 0
19000634 0006 34 1
09000634 0006 34 0
19000634 0006 34 1
19000634 0006 34 1
09000634 0006 34 0
19000634 0006 34 1
09000634 0006 34 0
19000634 0006 34 1
09000634 0006 34 0
19000634 0006 34 1
09000634 0006 34 0
09000634 0006 34 0
19000634 0006 34 1
09000634 0006 34 0
19003234 0032 34 1
09003234 0032 34 0
19003221 0032 21 1
09003221 0032 21 0

1D27F6FF A7F6 FF 1
1D27F6FF A7F6 FF 1
0D27F6FF A7F6 FF 0
1D27F6FF A7F6 FF 1
0D27F6FF A7F6 FF 0
190000FF 0000 FF 1
090000FF 0000 FF 0
110000ED 0000 ED 1
010000FF 0000 FF 0
110000FF 0000 FF 1
110000FF 0000 FF 1
010000FF 0000 FF 0
110000FF 0000 FF 1
090000FF 0000 FF 0
190000FF 0000 FF 1
0D0000FF 8000 FF 0
1D0000FF 8000 FF 1
0D0000FF 8000 FF 0
1D0000FF 8000 FF 1
190000FF 0000 FF 1
090000EF 0000 EF 0
190000ED 0000 ED 1
090000ED 0000 ED 0
190000ED 0000 ED 1
090000ED 0000 ED 0
190000ED 0000 ED 1
190000ED 0000 ED 1
090000ED 0000 ED 0
190000ED 0000 ED 1
090000ED 0000 ED 0
190000ED 0000 ED 1
090000ED 0000 ED 0
19000056 0000 56 1
09000056 0000 56 0
19000056 0000 56 1
19000056 0000 56 1
09000056 0000 56 0
19000056 0000 56 1
09000056 0000 56 0
19000056 0000 56 1
09000056 0000 56 0
19000056 0000 56 1
09000256 0002 56 0
19000231 0002 31 1
19000231 0002 31 1
09000231 0002 31 0
19000231 0002 31 1
09000231 0002 31 0
19000231 0002 31 1
09000231 0002 31 0
19000231 0002 31 1
19000231 0002 31 1
09000231 0002 31 0
19000231 0002 31 1
09000231 0002 31 0
19000287 0002 87 1
09000287 0002 87 0
19000287 0002 87 1
09000287 0002 87 0
19000287 0002 87 1
19000487 0004 87 1
09000481 0004 81 0
19000481 0004 81 1
09000481 0004 81 0
19000481 0004 81 1
09000481 0004 81 0
19000481 0004 81 1
09000481 0004 81 0
19000418 0004 18 1
19000418 0004 18 1
09000418 0004 18 0
19000418 0004 18 1
09000418 0004 18 0
19000218 0002 18 1
09000218 0002 18 0
19000218 0002 18 1
19000218 0002 18 1
09000218 0002 18 0
19000618 0006 18 1
09000618 0006 18 0
19000634 0006 34 1
09000634 0006 34 0
19000634 0006 34 1
09000634 0006 34 0
19000634 0006 34 1
19000634 0006 34 1
09000634 0006 34 0
19000634 0006 34 1
09000634 0006 34 0
19000634 0006 34 1
09000634 0006 34 0
19000634 0006 34 1
09000634 0006 34 0
09000634 0006 34 0
19000634 0006 34 1
09000634 0006 34 0
19003234 0032 34 1
09003234 0032 34 0
19003221 0032 21 1
09003221 0032 21 0

1D27F6FF A7F6 FF 1
1D27F6FF A7F6 FF 1
0D27F6FF A7F6 FF 0
1D27F6FF A7F6 FF 1
0D27F6FF A7F6 FF 0
190000FF 0000 FF 1
090000FF 0000 FF 0
110000ED 0000 ED 1
010000FF 0000 FF 0
110000FF 0000 FF 1
110000FF 0000 FF 1
010000FF 0000 FF 0
110000FF 0000 FF 1
090000FF 0000 FF 0
190000FF 0000 FF 1
0D0000FF 8000 FF 0
1D0000FF 8000 FF 1
0D0000FF 8000 FF 0
1D0000FF 8000 FF 1
190000FF 0000 FF 1
090000EF 0000 EF 0
190000ED 0000 ED 1
090000ED 0000 ED 0
190000ED 0000 ED 1
090000ED 0000 ED 0
190000ED 0000 ED 1
190000ED 0000 ED 1
090000ED 0000 ED 0
190000ED 0000 ED 1
090000ED 0000 ED 0
190000ED 0000 ED 1
090000ED 0000 ED 0
19000056 0000 56 1
09000056 0000 56 0
19000056 0000 56 1
19000056 0000 56 1
09000056 0000 56 0
19000056 0000 56 1
09000056 0000 56 0
19000056 0000 56 1
09000056 0000 56 0
19000056 0000 56 1
09000256 0002 56 0
19000231 0002 31 1
19000231 0002 31 1
09000231 0002 31 0
19000231 0002 31 1
09000231 0002 31 0
19000231 0002 31 1
09000231 0002 31 0
19000231 0002 31 1
19000231 0002 31 1
09000231 0002 31 0
19000231 0002 31 1
09000231 0002 31 0
19000287 0002 87 1
09000287 0002 87 0
19000287 0002 87 1
09000287 0002 87 0
19000287 0002 87 1
19000487 0004 87 1
09000481 0004 81 0
19000481 0004 81 1
09000481 0004 81 0
19000481 0004 81 1
09000481 0004 81 0
19000481 0004 81 1
09000481 0004 81 0
19000418 0004 18 1
19000418 0004 18 1
09000418 0004 18 0
19000418 0004 18 1
09000418 0004 18 0
19000218 0002 18 1
09000218 0002 18 0
19000218 0002 18 1
19000218 0002 18 1
09000218 0002 18 0
19000618 0006 18 1
09000618 0006 18 0
19000634 0006 34 1
09000634 0006 34 0
19000634 0006 34 1
09000634 0006 34 0
19000634 0006 34 1
19000634 0006 34 1
09000634 0006 34 0
19000634 0006 34 1
09000634 0006 34 0
19000634 0006 34 1
09000634 0006 34 0
19000634 0006 34 1
09000634 0006 34 0
09000634 0006 34 0
19000634 0006 34 1
09000634 0006 34 0
19003234 0032 34 1
09003234 0032 34 0
19003221 0032 21 1
09003221 0032 21 0

1D27F6FF A7F6 FF 1
1D27F6FF A7F6 FF 1
0D27F6FF A7F6 FF 0
1D27F6FF A7F6 FF 1
0D27F6FF A7F6 FF 0
190000FF 0000 FF 1
090000FF 0000 FF 0
110000ED 0000 ED 1
010000FF 0000 FF 0
110000FF 0000 FF 1
110000FF 0000 FF 1
010000FF 0000 FF 0
110000FF 0000 FF 1
090000FF 0000 FF 0
190000FF 0000 FF 1
0D0000FF 8000 FF 0
1D0000FF 8000 FF 1
0D0000FF 8000 FF 0
1D0000FF 8000 FF 1
190000FF 0000 FF 1
090000EF 0000 EF 0
190000ED 0000 ED 1
090000ED 0000 ED 0
190000ED 0000 ED 1
090000ED 0000 ED 0
190000ED 0000 ED 1
190000ED 0000 ED 1
090000ED 0000 ED 0
190000ED 0000 ED 1
090000ED 0000 ED 0
190000ED 0000 ED 1
090000ED 0000 ED 0
19000056 0000 56 1
09000056 0000 56 0
19000056 0000 56 1
19000056 0000 56 1
09000056 0000 56 0
19000056 0000 56 1
09000056 0000 56 0
19000056 0000 56 1
09000056 0000 56 0
19000056 0000 56 1
09000256 0002 56 0
19000231 0002 31 1
19000231 0002 31 1
09000231 0002 31 0
19000231 0002 31 1
09000231 0002 31 0
19000231 0002 31 1
09000231 0002 31 0
19000231 0002 31 1
19000231 0002 31 1
09000231 0002 31 0
19000231 0002 31 1
09000231 0002 31 0
19000287 0002 87 1
09000287 0002 87 0
19000287 0002 87 1
09000287 0002 87 0
19000287 0002 87 1
19000487 0004 87 1
09000481 0004 81 0
19000481 0004 81 1
09000481 0004 81 0
19000481 0004 81 1
09000481 0004 81 0
19000481 0004 81 1
09000481 0004 81 0
19000418 0004 18 1
19000418 0004 18 1
09000418 0004 18 0
19000418 0004 18 1
09000418 0004 18 0
19000218 0002 18 1
09000218 0002 18 0
19000218 0002 18 1
19000218 0002 18 1
09000218 0002 18 0
19000618 0006 18 1
09000618 0006 18 0
19000634 0006 34 1
09000634 0006 34 0
19000634 0006 34 1
09000634 0006 34 0
19000634 0006 34 1
19000634 0006 34 1
09000634 0006 34 0
19000634 0006 34 1
09000634 0006 34 0
19000634 0006 34 1
09000634 0006 34 0
19000634 0006 34 1
09000634 0006 34 0
09000634 0006 34 0
19000634 0006 34 1
09000634 0006 34 0
19003234 0032 34 1
09003234 0032 34 0
19003221 0032 21 1
09003221 0032 21 0

1D27F6FF A7F6 FF 1
1D27F6FF A7F6 FF 1
0D27F6FF A7F6 FF 0
1D27F6FF A7F6 FF 1
0D27F6FF A7F6 FF 0
190000FF 0000 FF 1
090000FF 0000 FF 0
110000ED 0000 ED 1
010000FF 0000 FF 0
110000FF 0000 FF 1
110000FF 0000 FF 1
010000FF 0000 FF 0
110000FF 0000 FF 1
090000FF 0000 FF 0
190000FF 0000 FF 1
0D0000FF 8000 FF 0
1D0000FF 8000 FF 1
0D0000FF 8000 FF 0
1D0000FF 8000 FF 1
190000FF 0000 FF 1
090000EF 0000 EF 0
190000ED 0000 ED 1
090000ED 0000 ED 0
190000ED 0000 ED 1
090000ED 0000 ED 0
190000ED 0000 ED 1
190000ED 0000 ED 1
090000ED 0000 ED 0
190000ED 0000 ED 1
090000ED 0000 ED 0
190000ED 0000 ED 1
090000ED 0000 ED 0
19000056 0000 56 1
09000056 0000 56 0
19000056 0000 56 1
19000056 0000 56 1
09000056 0000 56 0
19000056 0000 56 1
09000056 0000 56 0
19000056 0000 56 1
09000056 0000 56 0
19000056 0000 56 1
09000256 0002 56 0
19000231 0002 31 1
19000231 0002 31 1
09000231 0002 31 0
19000231 0002 31 1
09000231 0002 31 0
19000231 0002 31 1
09000231 0002 31 0
19000231 0002 31 1
19000231 0002 31 1
09000231 0002 31 0
19000231 0002 31 1
09000231 0002 31 0
19000287 0002 87 1
09000287 0002 87 0
19000287 0002 87 1
09000287 0002 87 0
19000287 0002 87 1
19000487 0004 87 1
09000481 0004 81 0
19000481 0004 81 1
09000481 0004 81 0
19000481 0004 81 1
09000481 0004 81 0
19000481 0004 81 1
09000481 0004 81 0
19000418 0004 18 1
19000418 0004 18 1
09000418 0004 18 0
19000418 0004 18 1
09000418 0004 18 0
19000218 0002 18 1
09000218 0002 18 0
19000218 0002 18 1
19000218 0002 18 1
09000218 0002 18 0
19000618 0006 18 1
09000618 0006 18 0
19000634 0006 34 1
09000634 0006 34 0
19000634 0006 34 1
09000634 0006 34 0
19000634 0006 34 1
19000634 0006 34 1
09000634 0006 34 0
19000634 0006 34 1
09000634 0006 34 0
19000634 0006 34 1
09000634 0006 34 0
19000634 0006 34 1
09000634 0006 34 0
09000634 0006 34 0
19000634 0006 34 1
09000634 0006 34 0
19003234 0032 34 1
09003234 0032 34 0
19003221 0032 21 1
09003221 0032 21 0

1D27F6FF A7F6 FF 1
1D27F6FF A7F6 FF 1
0D27F6FF A7F6 FF 0
1D27F6FF A7F6 FF 1
0D27F6FF A7F6 FF 0
190000FF 0000 FF 1
090000FF 0000 FF 0
110000ED 0000 ED 1
010000FF 0000 FF 0
110000FF 0000 FF 1
110000FF 0000 FF 1
010000FF 0000 FF 0
110000FF 0000 FF 1
090000FF 0000 FF 0
190000FF 0000 FF 1
0D0000FF 8000 FF 0
1D0000FF 8000 FF 1
0D0000FF 8000 FF 0
1D0000FF 8000 FF 1
190000FF 0000 FF 1
090000EF 0000 EF 0
190000ED 0000 ED 1
090000ED 0000 ED 0
190000ED 0000 ED 1
090000ED 0000 ED 0
190000ED 0000 ED 1
190000ED 0000 ED 1
090000ED 0000 ED 0
190000ED 0000 ED 1
090000ED 0000 ED 0
190000ED 0000 ED 1
090000ED 0000 ED 0
19000056 0000 56 1
09000056 0000 56 0
19000056 0000 56 1
19000056 0000 56 1
09000056 0000 56 0
19000056 0000 56 1
09000056 0000 56 0
19000056 0000 56 1
09000056 0000 56 0
19000056 0000 56 1
09000256 0002 56 0
19000231 0002 31 1
19000231 0002 31 1
09000231 0002 31 0
19000231 0002 31 1
09000231 0002 31 0
19000231 0002 31 1
09000231 0002 31 0
19000231 0002 31 1
19000231 0002 31 1
09000231 0002 31 0
19000231 0002 31 1
09000231 0002 31 0
19000287 0002 87 1
09000287 0002 87 0
19000287 0002 87 1
09000287 0002 87 0
19000287 0002 87 1
19000487 0004 87 1
09000481 0004 81 0
19000481 0004 81 1
09000481 0004 81 0
19000481 0004 81 1
09000481 0004 81 0
19000481 0004 81 1
09000481 0004 81 0
19000418 0004 18 1
19000418 0004 18 1
09000418 0004 18 0
19000418 0004 18 1
09000418 0004 18 0
19000218 0002 18 1
09000218 0002 18 0
19000218 0002 18 1
19000218 0002 18 1
09000218 0002 18 0
19000618 0006 18 1
09000618 0006 18 0
19000634 0006 34 1
09000634 0006 34 0
19000634 0006 34 1
09000634 0006 34 0
19000634 0006 34 1
19000634 0006 34 1
09000634 0006 34 0
19000634 0006 34 1
09000634 0006 34 0
19000634 0006 34 1
09000634 0006 34 0
19000634 0006 34 1
09000634 0006 34 0
09000634 0006 34 0
19000634 0006 34 1
09000634 0006 34 0
19003234 0032 34 1
09003234 0032 34 0
19003221 0032 21 1
09003221 0032 21 0

1D27F6FF A7F6 FF 1
1D27F6FF A7F6 FF 1
0D27F6FF A7F6 FF 0
1D27F6FF A7F6 FF 1
0D27F6FF A7F6 FF 0
190000FF 0000 FF 1
090000FF 0000 FF 0
110000ED 0000 ED 1
010000FF 0000 FF 0
110000FF 0000 FF 1
110000FF 0000 FF 1
010000FF 0000 FF 0
110000FF 0000 FF 1
090000FF 0000 FF 0
190000FF 0000 FF 1
0D0000FF 8000 FF 0
1D0000FF 8000 FF 1
0D0000FF 8000 FF 0
1D0000FF 8000 FF 1
190000FF 0000 FF 1
090000EF 0000 EF 0
190000ED 0000 ED 1
090000ED 0000 ED 0
190000ED 0000 ED 1
090000ED 0000 ED 0
190000ED 0000 ED 1
190000ED 0000 ED 1
090000ED 0000 ED 0
190000ED 0000 ED 1
090000ED 0000 ED 0
190000ED 0000 ED 1
090000ED 0000 ED 0
19000056 0000 56 1
09000056 0000 56 0
19000056 0000 56 1
19000056 0000 56 1
09000056 0000 56 0
19000056 0000 56 1
09000056 0000 56 0
19000056 0000 56 1
09000056 0000 56 0
19000056 0000 56 1
09000256 0002 56 0
19000231 0002 31 1
19000231 0002 31 1
09000231 0002 31 0
19000231 0002 31 1
09000231 0002 31 0
19000231 0002 31 1
09000231 0002 31 0
19000231 0002 31 1
19000231 0002 31 1
09000231 0002 31 0
19000231 0002 31 1
09000231 0002 31 0
19000287 0002 87 1
09000287 0002 87 0
19000287 0002 87 1
09000287 0002 87 0
19000287 0002 87 1
19000487 0004 87 1
09000481 0004 81 0
19000481 0004 81 1
09000481 0004 81 0
19000481 0004 81 1
09000481 0004 81 0
19000481 0004 81 1
09000481 0004 81 0
19000418 0004 18 1
19000418 0004 18 1
09000418 0004 18 0
19000418 0004 18 1
09000418 0004 18 0
19000218 0002 18 1
09000218 0002 18 0
19000218 0002 18 1
19000218 0002 18 1
09000218 0002 18 0
19000618 0006 18 1
09000618 0006 18 0
19000634 0006 34 1
09000634 0006 34 0
19000634 0006 34 1
09000634 0006 34 0
19000634 0006 34 1
19000634 0006 34 1
09000634 0006 34 0
19000634 0006 34 1
09000634 0006 34 0
19000634 0006 34 1
09000634 0006 34 0
19000634 0006 34 1
09000634 0006 34 0
09000634 0006 34 0
19000634 0006 34 1
09000634 0006 34 0
19003234 0032 34 1
09003234 0032 34 0
19003221 0032 21 1
09003221 0032 21 0

1D27F6FF A7F6 FF 1
1D27F6FF A7F6 FF 1
0D27F6FF A7F6 FF 0
1D27F6FF A7F6 FF 1
0D27F6FF A7F6 FF 0
190000FF 0000 FF 1
090000FF 0000 FF 0
110000ED 0000 ED 1
010000FF 0000 FF 0
110000FF 0000 FF 1
110000FF 0000 FF 1
010000FF 0000 FF 0
110000FF 0000 FF 1
090000FF 0000 FF 0
190000FF 0000 FF 1
0D0000FF 8000 FF 0
1D0000FF 8000 FF 1
0D0000FF 8000 FF 0
1D0000FF 8000 FF 1
190000FF 0000 FF 1
090000EF 0000 EF 0
190000ED 0000 ED 1
090000ED 0000 ED 0
190000ED 0000 ED 1
090000ED 0000 ED 0
190000ED 0000 ED 1
190000ED 0000 ED 1
090000ED 0000 ED 0
190000ED 0000 ED 1
090000ED 0000 ED 0
190000ED 0000 ED 1
090000ED 0000 ED 0
19000056 0000 56 1
09000056 0000 56 0
19000056 0000 56 1
19000056 0000 56 1
09000056 0000 56 0
19000056 0000 56 1
09000056 0000 56 0
19000056 0000 56 1
09000056 0000 56 0
19000056 0000 56 1
09000256 0002 56 0
19000231 0002 31 1
19000231 0002 31 1
09000231 0002 31 0
19000231 0002 31 1
09000231 0002 31 0
19000231 0002 31 1
09000231 0002 31 0
19000231 0002 31 1
19000231 0002 31 1
09000231 0002 31 0
19000231 0002 31 1
09000231 0002 31 0
19000287 0002 87 1
09000287 0002 87 0
19000287 0002 87 1
09000287 0002 87 0
19000287 0002 87 1
19000487 0004 87 1
09000481 0004 81 0
19000481 0004 81 1
09000481 0004 81 0
19000481 0004 81 1
09000481 0004 81 0
19000481 0004 81 1
09000481 0004 81 0
19000418 0004 18 1
19000418 0004 18 1
09000418 0004 18 0
19000418 0004 18 1
09000418 0004 18 0
19000218 0002 18 1
09000218 0002 18 0
19000218 0002 18 1
19000218 0002 18 1
09000218 0002 18 0
19000618 0006 18 1
09000618 0006 18 0
19000634 0006 34 1
09000634 0006 34 0
19000634 0006 34 1
09000634 0006 34 0
19000634 0006 34 1
19000634 0006 34 1
09000634 0006 34 0
19000634 0006 34 1
09000634 0006 34 0
19000634 0006 34 1
09000634 0006 34 0
19000634 0006 34 1
09000634 0006 34 0
09000634 0006 34 0
19000634 0006 34 1
09000634 0006 34 0
19003234 0032 34 1
09003234 0032 34 0
19003221 0032 21 1
09003221 0032 21 0

1D27F6FF A7F6 FF 1
1D27F6FF A7F6 FF 1
0D27F6FF A7F6 FF 0
1D27F6FF A7F6 FF 1
0D27F6FF A7F6 FF 0
190000FF 0000 FF 1
090000FF 0000 FF 0
110000ED 0000 ED 1
010000FF 0000 FF 0
110000FF 0000 FF 1
110000FF 0000 FF 1
010000FF 0000 FF 0
110000FF 0000 FF 1
090000FF 0000 FF 0
190000FF 0000 FF 1
0D0000FF 8000 FF 0
1D0000FF 8000 FF 1
0D0000FF 8000 FF 0
1D0000FF 8000 FF 1
190000FF 0000 FF 1
090000EF 0000 EF 0
190000ED 0000 ED 1
090000ED 0000 ED 0
190000ED 0000 ED 1
090000ED 0000 ED 0
190000ED 0000 ED 1
190000ED 0000 ED 1
090000ED 0000 ED 0
190000ED 0000 ED 1
090000ED 0000 ED 0
190000ED 0000 ED 1
090000ED 0000 ED 0
19000056 0000 56 1
09000056 0000 56 0
19000056 0000 56 1
19000056 0000 56 1
09000056 0000 56 0
19000056 0000 56 1
09000056 0000 56 0
19000056 0000 56 1
09000056 0000 56 0
19000056 0000 56 1
09000256 0002 56 0
19000231 0002 31 1
19000231 0002 31 1
09000231 0002 31 0
19000231 0002 31 1
09000231 0002 31 0
19000231 0002 31 1
09000231 0002 31 0
19000231 0002 31 1
19000231 0002 31 1
09000231 0002 31 0
19000231 0002 31 1
09000231 0002 31 0
19000287 0002 87 1
09000287 0002 87 0
19000287 0002 87 1
09000287 0002 87 0
19000287 0002 87 1
19000487 0004 87 1
09000481 0004 81 0
19000481 0004 81 1
09000481 0004 81 0
19000481 0004 81 1
09000481 0004 81 0
19000481 0004 81 1
09000481 0004 81 0
19000418 0004 18 1
19000418 0004 18 1
09000418 0004 18 0
19000418 0004 18 1
09000418 0004 18 0
19000218 0002 18 1
09000218 0002 18 0
19000218 0002 18 1
19000218 0002 18 1
09000218 0002 18 0
19000618 0006 18 1
09000618 0006 18 0
19000634 0006 34 1
09000634 0006 34 0
19000634 0006 34 1
09000634 0006 34 0
19000634 0006 34 1
19000634 0006 34 1
09000634 0006 34 0
19000634 0006 34 1
09000634 0006 34 0
19000634 0006 34 1
09000634 0006 34 0
19000634 0006 34 1
09000634 0006 34 0
09000634 0006 34 0
19000634 0006 34 1
09000634 0006 34 0
19003234 0032 34 1
09003234 0032 34 0
19003221 0032 21 1
09003221 0032 21 0

1D27F6FF A7F6 FF 1
1D27F6FF A7F6 FF 1
0D27F6FF A7F6 FF 0
1D27F6FF A7F6 FF 1
0D27F6FF A7F6 FF 0
190000FF 0000 FF 1
090000FF 0000 FF 0
110000ED 0000 ED 1
010000FF 0000 FF 0
110000FF 0000 FF 1
110000FF 0000 FF 1
010000FF 0000 FF 0
110000FF 0000 FF 1
090000FF 0000 FF 0
190000FF 0000 FF 1
0D0000FF 8000 FF 0
1D0000FF 8000 FF 1
0D0000FF 8000 FF 0
1D0000FF 8000 FF 1
190000FF 0000 FF 1
090000EF 0000 EF 0
190000ED 0000 ED 1
090000ED 0000 ED 0
190000ED 0000 ED 1
090000ED 0000 ED 0
190000ED 0000 ED 1
190000ED 0000 ED 1
090000ED 0000 ED 0
190000ED 0000 ED 1
090000ED 0000 ED 0
190000ED 0000 ED 1
090000ED 0000 ED 0
19000056 0000 56 1
09000056 0000 56 0
19000056 0000 56 1
19000056 0000 56 1
09000056 0000 56 0
19000056 0000 56 1
09000056 0000 56 0
19000056 0000 56 1
09000056 0000 56 0
19000056 0000 56 1
09000256 0002 56 0
19000231 0002 31 1
19000231 0002 31 1
09000231 0002 31 0
19000231 0002 31 1
09000231 0002 31 0
19000231 0002 31 1
09000231 0002 31 0
19000231 0002 31 1
19000231 0002 31 1
09000231 0002 31 0
19000231 0002 31 1
09000231 0002 31 0
19000287 0002 87 1
09000287 0002 87 0
19000287 0002 87 1
09000287 0002 87 0
19000287 0002 87 1
19000487 0004 87 1
09000481 0004 81 0
19000481 0004 81 1
09000481 0004 81 0
19000481 0004 81 1
09000481 0004 81 0
19000481 0004 81 1
09000481 0004 81 0
19000418 0004 18 1
19000418 0004 18 1
09000418 0004 18 0
19000418 0004 18 1
09000418 0004 18 0
19000218 0002 18 1
09000218 0002 18 0
19000218 0002 18 1
19000218 0002 18 1
09000218 0002 18 0
19000618 0006 18 1
09000618 0006 18 0
19000634 0006 34 1
09000634 0006 34 0
19000634 0006 34 1
09000634 0006 34 0
19000634 0006 34 1
19000634 0006 34 1
09000634 0006 34 0
19000634 0006 34 1
09000634 0006 34 0
19000634 0006 34 1
09000634 0006 34 0
19000634 0006 34 1
09000634 0006 34 0
09000634 0006 34 0
19000634 0006 34 1
09000634 0006 34 0
19003234 0032 34 1
09003234 0032 34 0
19003221 0032 21 1
09003221 0032 21 0

1D27F6FF A7F6 FF 1
1D27F6FF A7F6 FF 1
0D27F6FF A7F6 FF 0
1D27F6FF A7F6 FF 1
0D27F6FF A7F6 FF 0
190000FF 0000 FF 1
090000FF 0000 FF 0
110000ED 0000 ED 1
010000FF 0000 FF 0
110000FF 0000 FF 1
110000FF 0000 FF 1
010000FF 0000 FF 0
110000FF 0000 FF 1
090000FF 0000 FF 0
190000FF 0000 FF 1
0D0000FF 8000 FF 0
1D0000FF 8000 FF 1
0D0000FF 8000 FF 0
1D0000FF 8000 FF 1
190000FF 0000 FF 1
090000EF 0000 EF 0
190000ED 0000 ED 1
090000ED 0000 ED 0
190000ED 0000 ED 1
090000ED 0000 ED 0
190000ED 0000 ED 1
190000ED 0000 ED 1
090000ED 0000 ED 0
190000ED 0000 ED 1
090000ED 0000 ED 0
190000ED 0000 ED 1
090000ED 0000 ED 0
19000056 0000 56 1
09000056 0000 56 0
19000056 0000 56 1
19000056 0000 56 1
09000056 0000 56 0
19000056 0000 56 1
09000056 0000 56 0
19000056 0000 56 1
09000056 0000 56 0
19000056 0000 56 1
09000256 0002 56 0
19000231 0002 31 1
19000231 0002 31 1
09000231 0002 31 0
19000231 0002 31 1
09000231 0002 31 0
19000231 0002 31 1
09000231 0002 31 0
19000231 0002 31 1
19000231 0002 31 1
09000231 0002 31 0
19000231 0002 31 1
09000231 0002 31 0
19000287 0002 87 1
09000287 0002 87 0
19000287 0002 87 1
09000287 0002 87 0
19000287 0002 87 1
19000487 0004 87 1
09000481 0004 81 0
19000481 0004 81 1
09000481 0004 81 0
19000481 0004 81 1
09000481 0004 81 0
19000481 0004 81 1
09000481 0004 81 0
19000418 0004 18 1
19000418 0004 18 1
09000418 0004 18 0
19000418 0004 18 1
09000418 0004 18 0
19000218 0002 18 1
09000218 0002 18 0
19000218 0002 18 1
19000218 0002 18 1
09000218 0002 18 0
19000618 0006 18 1
09000618 0006 18 0
19000634 0006 34 1
09000634 0006 34 0
19000634 0006 34 1
09000634 0006 34 0
19000634 0006 34 1
19000634 0006 34 1
09000634 0006 34 0
19000634 0006 34 1
09000634 0006 34 0
19000634 0006 34 1
09000634 0006 34 0
19000634 0006 34 1
09000634 0006 34 0
09000634 0006 34 0
19000634 0006 34 1
09000634 0006 34 0
19003234 0032 34 1
09003234 0032 34 0
19003221 0032 21 1
09003221 0032 21 0

1D27F6FF A7F6 FF 1
1D27F6FF A7F6 FF 1
0D27F6FF A7F6 FF 0
1D27F6FF A7F6 FF 1
0D27F6FF A7F6 FF 0
190000FF 0000 FF 1
090000FF 0000 FF 0
110000ED 0000 ED 1
010000FF 0000 FF 0
110000FF 0000 FF 1
110000FF 0000 FF 1
010000FF 0000 FF 0
110000FF 0000 FF 1
090000FF 0000 FF 0
190000FF 0000 FF 1
0D0000FF 8000 FF 0
1D0000FF 8000 FF 1
0D0000FF 8000 FF 0
1D0000FF 8000 FF 1
190000FF 0000 FF 1
090000EF 0000 EF 0
190000ED 0000 ED 1
090000ED 0000 ED 0
190000ED 0000 ED 1
090000ED 0000 ED 0
190000ED 0000 ED 1
190000ED 0000 ED 1
090000ED 0000 ED 0
190000ED 0000 ED 1
090000ED 0000 ED 0
190000ED 0000 ED 1
090000ED 0000 ED 0
19000056 0000 56 1
09000056 0000 56 0
19000056 0000 56 1
19000056 0000 56 1
09000056 0000 56 0
19000056 0000 56 1
09000056 0000 56 0
19000056 0000 56 1
09000056 0000 56 0
19000056 0000 56 1
09000256 0002 56 0
19000231 0002 31 1
19000231 0002 31 1
09000231 0002 31 0
19000231 0002 31 1
09000231 0002 31 0
19000231 0002 31 1
09000231 0002 31 0
19000231 0002 31 1
19000231 0002 31 1
09000231 0002 31 0
19000231 0002 31 1
09000231 0002 31 0
19000287 0002 87 1
09000287 0002 87 0
19000287 0002 87 1
09000287 0002 87 0
19000287 0002 87 1
19000487 0004 87 1
09000481 0004 81 0
19000481 0004 81 1
09000481 0004 81 0
19000481 0004 81 1
09000481 0004 81 0
19000481 0004 81 1
09000481 0004 81 0
19000418 0004 18 1
19000418 0004 18 1
09000418 0004 18 0
19000418 0004 18 1
09000418 0004 18 0
19000218 0002 18 1
09000218 0002 18 0
19000218 0002 18 1
19000218 0002 18 1
09000218 0002 18 0
19000618 0006 18 1
09000618 0006 18 0
19000634 0006 34 1
09000634 0006 34 0
19000634 0006 34 1
09000634 0006 34 0
19000634 0006 34 1
19000634 0006 34 1
09000634 0006 34 0
19000634 0006 34 1
09000634 0006 34 0
19000634 0006 34 1
09000634 0006 34 0
19000634 0006 34 1
09000634 0006 34 0
09000634 0006 34 0
19000634 0006 34 1
09000634 0006 34 0
19003234 0032 34 1
09003234 0032 34 0
19003221 0032 21 1
09003221 0032 21 0

1D27F6FF A7F6 FF 1
1D27F6FF A7F6 FF 1
0D27F6FF A7F6 FF 0
1D27F6FF A7F6 FF 1
0D27F6FF A7F6 FF 0
190000FF 0000 FF 1
090000FF 0000 FF 0
110000ED 0000 ED 1
010000FF 0000 FF 0
110000FF 0000 FF 1
110000FF 0000 FF 1
010000FF 0000 FF 0
110000FF 0000 FF 1
090000FF 0000 FF 0
190000FF 0000 FF 1
0D0000FF 8000 FF 0
1D0000FF 8000 FF 1
0D0000FF 8000 FF 0
1D0000FF 8000 FF 1
190000FF 0000 FF 1
090000EF 0000 EF 0
190000ED 0000 ED 1
090000ED 0000 ED 0
190000ED 0000 ED 1
090000ED 0000 ED 0
190000ED 0000 ED 1
190000ED 0000 ED 1
090000ED 0000 ED 0
190000ED 0000 ED 1
090000ED 0000 ED 0
190000ED 0000 ED 1
090000ED 0000 ED 0
19000056 0000 56 1
09000056 0000 56 0
19000056 0000 56 1
19000056 0000 56 1
09000056 0000 56 0
19000056 0000 56 1
09000056 0000 56 0
19000056 0000 56 1
09000056 0000 56 0
19000056 0000 56 1
09000256 0002 56 0
19000231 0002 31 1
19000231 0002 31 1
09000231 0002 31 0
19000231 0002 31 1
09000231 0002 31 0
19000231 0002 31 1
09000231 0002 31 0
19000231 0002 31 1
19000231 0002 31 1
09000231 0002 31 0
19000231 0002 31 1
09000231 0002 31 0
19000287 0002 87 1
09000287 0002 87 0
19000287 0002 87 1
09000287 0002 87 0
19000287 0002 87 1
19000487 0004 87 1
09000481 0004 81 0
19000481 0004 81 1
09000481 0004 81 0
19000481 0004 81 1
09000481 0004 81 0
19000481 0004 81 1
09000481 0004 81 0
19000418 0004 18 1
19000418 0004 18 1
09000418 0004 18 0
19000418 0004 18 1
09000418 0004 18 0
19000218 0002 18 1
09000218 0002 18 0
19000218 0002 18 1
19000218 0002 18 1
09000218 0002 18 0
19000618 0006 18 1
09000618 0006 18 0
19000634 0006 34 1
09000634 0006 34 0
19000634 0006 34 1
09000634 0006 34 0
19000634 0006 34 1
19000634 0006 34 1
09000634 0006 34 0
19000634 0006 34 1
09000634 0006 34 0
19000634 0006 34 1
09000634 0006 34 0
19000634 0006 34 1
09000634 0006 34 0
09000634 0006 34 0
19000634 0006 34 1
09000634 0006 34 0
19003234 0032 34 1
09003234 0032 34 0
19003221 0032 21 1
09003221 0032 21 0

1D27F6FF A7F6 FF 1
1D27F6FF A7F6 FF 1
0D27F6FF A7F6 FF 0
1D27F6FF A7F6 FF 1
0D27F6FF A7F6 FF 0
190000FF 0000 FF 1
090000FF 0000 FF 0
110000ED 0000 ED 1
010000FF 0000 FF 0
110000FF 0000 FF 1
110000FF 0000 FF 1
010000FF 0000 FF 0
110000FF 0000 FF 1
090000FF 0000 FF 0
190000FF 0000 FF 1
0D0000FF 8000 FF 0
1D0000FF 8000 FF 1
0D0000FF 8000 FF 0
1D0000FF 8000 FF 1
190000FF 0000 FF 1
090000EF 0000 EF 0
190000ED 0000 ED 1
090000ED 0000 ED 0
190000ED 0000 ED 1
090000ED 0000 ED 0
190000ED 0000 ED 1
190000ED 0000 ED 1
090000ED 0000 ED 0
190000ED 0000 ED 1
090000ED 0000 ED 0
190000ED 0000 ED 1
090000ED 0000 ED 0
19000056 0000 56 1
09000056 0000 56 0
19000056 0000 56 1
19000056 0000 56 1
09000056 0000 56 0
19000056 0000 56 1
09000056 0000 56 0
19000056 0000 56 1
09000056 0000 56 0
19000056 0000 56 1
09000256 0002 56 0
19000231 0002 31 1
19000231 0002 31 1
09000231 0002 31 0
19000231 0002 31 1
09000231 0002 31 0
19000231 0002 31 1
09000231 0002 31 0
19000231 0002 31 1
19000231 0002 31 1
09000231 0002 31 0
19000231 0002 31 1
09000231 0002 31 0
19000287 0002 87 1
09000287 0002 87 0
19000287 0002 87 1
09000287 0002 87 0
19000287 0002 87 1
19000487 0004 87 1
09000481 0004 81 0
19000481 0004 81 1
09000481 0004 81 0
19000481 0004 81 1
09000481 0004 81 0
19000481 0004 81 1
09000481 0004 81 0
19000418 0004 18 1
19000418 0004 18 1
09000418 0004 18 0
19000418 0004 18 1
09000418 0004 18 0
19000218 0002 18 1
09000218 0002 18 0
19000218 0002 18 1
19000218 0002 18 1
09000218 0002 18 0
19000618 0006 18 1
09000618 0006 18 0
19000634 0006 34 1
09000634 0006 34 0
19000634 0006 34 1
09000634 0006 34 0
19000634 0006 34 1
19000634 0006 34 1
09000634 0006 34 0
19000634 0006 34 1
09000634 0006 34 0
19000634 0006 34 1
09000634 0006 34 0
19000634 0006 34 1
09000634 0006 34 0
09000634 0006 34 0
19000634 0006 34 1
09000634 0006 34 0
19003234 0032 34 1
09003234 0032 34 0
19003221 0032 21 1
09003221 0032 21 0

1D27F6FF A7F6 FF 1
1D27F6FF A7F6 FF 1
0D27F6FF A7F6 FF 0
1D27F6FF A7F6 FF 1
0D27F6FF A7F6 FF 0
190000FF 0000 FF 1
090000FF 0000 FF 0
110000ED 0000 ED 1
010000FF 0000 FF 0
110000FF 0000 FF 1
110000FF 0000 FF 1
010000FF 0000 FF 0
110000FF 0000 FF 1
090000FF 0000 FF 0
190000FF 0000 FF 1
0D0000FF 8000 FF 0
1D0000FF 8000 FF 1
0D0000FF 8000 FF 0
1D0000FF 8000 FF 1
190000FF 0000 FF 1
090000EF 0000 EF 0
190000ED 0000 ED 1
090000ED 0000 ED 0
190000ED 0000 ED 1
090000ED 0000 ED 0
190000ED 0000 ED 1
190000ED 0000 ED 1
090000ED 0000 ED 0
190000ED 0000 ED 1
090000ED 0000 ED 0
190000ED 0000 ED 1
090000ED 0000 ED 0
19000056 0000 56 1
09000056 0000 56 0
19000056 0000 56 1
19000056 0000 56 1
09000056 0000 56 0
19000056 0000 56 1
09000056 0000 56 0
19000056 0000 56 1
09000056 0000 56 0
19000056 0000 56 1
09000256 0002 56 0
19000231 0002 31 1
19000231 0002 31 1
09000231 0002 31 0
19000231 0002 31 1
09000231 0002 31 0
19000231 0002 31 1
09000231 0002 31 0
19000231 0002 31 1
19000231 0002 31 1
09000231 0002 31 0
19000231 0002 31 1
09000231 0002 31 0
19000287 0002 87 1
09000287 0002 87 0
19000287 0002 87 1
09000287 0002 87 0
19000287 0002 87 1
19000487 0004 87 1
09000481 0004 81 0
19000481 0004 81 1
09000481 0004 81 0
19000481 0004 81 1
09000481 0004 81 0
19000481 0004 81 1
09000481 0004 81 0
19000418 0004 18 1
19000418 0004 18 1
09000418 0004 18 0
19000418 0004 18 1
09000418 0004 18 0
19000218 0002 18 1
09000218 0002 18 0
19000218 0002 18 1
19000218 0002 18 1
09000218 0002 18 0
19000618 0006 18 1
09000618 0006 18 0
19000634 0006 34 1
09000634 0006 34 0
19000634 0006 34 1
09000634 0006 34 0
19000634 0006 34 1
19000634 0006 34 1
09000634 0006 34 0
19000634 0006 34 1
09000634 0006 34 0
19000634 0006 34 1
09000634 0006 34 0
19000634 0006 34 1
09000634 0006 34 0
09000634 0006 34 0
19000634 0006 34 1
09000634 0006 34 0
19003234 0032 34 1
09003234 0032 34 0
19003221 0032 21 1
09003221 0032 21 0

1D27F6FF A7F6 FF 1
1D27F6FF A7F6 FF 1
0D27F6FF A7F6 FF 0
1D27F6FF A7F6 FF 1
0D27F6FF A7F6 FF 0
190000FF 0000 FF 1
090000FF 0000 FF 0
110000ED 0000 ED 1
010000FF 0000 FF 0
110000FF 0000 FF 1
110000FF 0000 FF 1
010000FF 0000 FF 0
110000FF 0000 FF 1
090000FF 0000 FF 0
190000FF 0000 FF 1
0D0000FF 8000 FF 0
1D0000FF 8000 FF 1
0D0000FF 8000 FF 0
1D0000FF 8000 FF 1
190000FF 0000 FF 1
090000EF 0000 EF 0
190000ED 0000 ED 1
090000ED 0000 ED 0
190000ED 0000 ED 1
090000ED 0000 ED 0
190000ED 0000 ED 1
190000ED 0000 ED 1
090000ED 0000 ED 0
190000ED 0000 ED 1
090000ED 0000 ED 0
190000ED 0000 ED 1
090000ED 0000 ED 0
19000056 0000 56 1
09000056 0000 56 0
19000056 0000 56 1
19000056 0000 56 1
09000056 0000 56 0
19000056 0000 56 1
09000056 0000 56 0
19000056 0000 56 1
09000056 0000 56 0
19000056 0000 56 1
09000256 0002 56 0
19000231 0002 31 1
19000231 0002 31 1
09000231 0002 31 0
19000231 0002 31 1
09000231 0002 31 0
19000231 0002 31 1
09000231 0002 31 0
19000231 0002 31 1
19000231 0002 31 1
09000231 0002 31 0
19000231 0002 31 1
09000231 0002 31 0
19000287 0002 87 1
09000287 0002 87 0
19000287 0002 87 1
09000287 0002 87 0
19000287 0002 87 1
19000487 0004 87 1
09000481 0004 81 0
19000481 0004 81 1
09000481 0004 81 0
19000481 0004 81 1
09000481 0004 81 0
19000481 0004 81 1
09000481 0004 81 0
19000418 0004 18 1
19000418 0004 18 1
09000418 0004 18 0
19000418 0004 18 1
09000418 0004 18 0
19000218 0002 18 1
09000218 0002 18 0
19000218 0002 18 1
19000218 0002 18 1
09000218 0002 18 0
19000618 0006 18 1
09000618 0006 18 0
19000634 0006 34 1
09000634 0006 34 0
19000634 0006 34 1
09000634 0006 34 0
19000634 0006 34 1
19000634 0006 34 1
09000634 0006 34 0
19000634 0006 34 1
09000634 0006 34 0
19000634 0006 34 1
09000634 0006 34 0
19000634 0006 34 1
09000634 0006 34 0
09000634 0006 34 0
19000634 0006 34 1
09000634 0006 34 0
19003234 0032 34 1
09003234 0032 34 0
19003221 0032 21 1
09003221 0032 21 0

PIO logic analyser example
Arming trigger
Capture:
000000: 0D3FFFFF BFFF FF 0
000001: 1D3FFFFF BFFF FF 1
000002: 1D3FFFFF BFFF FF 1
000003: 0D3FFFFF BFFF FF 0
000004: 0D3FFFFF BFFF FF 0
000005: 1D3FFFFF BFFF FF 1
000006: 1D3FFFFF BFFF FF 1
000007: 1D3FFFFF BFFF FF 1
000008: 0D3FFFFF BFFF FF 0
000009: 0D3FFFFF BFFF FF 0
00000A: 1D3FFFFF BFFF FF 1
00000B: 190000FF 0000 FF 1
00000C: 090000FF 0000 FF 0
00000D: 090000FF 0000 FF 0
00000E: 090000ED 0000 ED 0
00000F: 110000FF 0000 FF 1
000010: 110000FF 0000 FF 1
000011: 010000FF 0000 FF 0
000012: 010000FF 0000 FF 0
000013: 110000FF 0000 FF 1
000014: 110000FF 0000 FF 1
000015: 110000FF 0000 FF 1
000016: 010000FF 0000 FF 0
000017: 010000FF 0000 FF 0
000018: 110000FF 0000 FF 1
000019: 110000FF 0000 FF 1
00001A: 090000FF 0000 FF 0
00001B: 090000FF 0000 FF 0
00001C: 190000FF 0000 FF 1
00001D: 190000FF 0000 FF 1
00001E: 1D0000FF 8000 FF 1
00001F: 0D0000FF 8000 FF 0
000020: 0D0000FF 8000 FF 0
000021: 1D0000FF 8000 FF 1
000022: 1D0000FF 8000 FF 1
000023: 0D0000FF 8000 FF 0
000024: 0D0000FF 8000 FF 0
000025: 1D0000FF 8000 FF 1
000026: 190000FF 0000 FF 1
000027: 190000FF 0000 FF 1
000028: 090000FF 0000 FF 0
000029: 090000ED 0000 ED 0
00002A: 190000ED 0000 ED 1
00002B: 190000ED 0000 ED 1
00002C: 090000ED 0000 ED 0
00002D: 090000ED 0000 ED 0
00002E: 190000ED 0000 ED 1
00002F: 190000ED 0000 ED 1
000030: 190000ED 0000 ED 1
000031: 090000ED 0000 ED 0
000032: 090000ED 0000 ED 0
000033: 190000ED 0000 ED 1
000034: 190000ED 0000 ED 1
000035: 090000ED 0000 ED 0
000036: 090000ED 0000 ED 0
000037: 190000ED 0000 ED 1
000038: 190000ED 0000 ED 1
000039: 190000ED 0000 ED 1
00003A: 090000ED 0000 ED 0
00003B: 090000ED 0000 ED 0
00003C: 190000ED 0000 ED 1
00003D: 190001ED 0001 ED 1
00003E: 090001ED 0001 ED 0
00003F: 090001ED 0001 ED 0
000040: 09000156 0001 56 0
000041: 19000156 0001 56 1
000042: 19000156 0001 56 1
000043: 09000156 0001 56 0
000044: 09000156 0001 56 0
000045: 19000156 0001 56 1
000046: 19000156 0001 56 1
000047: 19000156 0001 56 1
000048: 09000156 0001 56 0
000049: 09000156 0001 56 0
00004A: 19000156 0001 56 1
00004B: 19000156 0001 56 1
00004C: 09000156 0001 56 0
00004D: 09000156 0001 56 0
00004E: 19000156 0001 56 1
00004F: 19000156 0001 56 1
000050: 19000156 0001 56 1
000051: 09000156 0001 56 0
000052: 09000156 0001 56 0
000053: 19000256 0002 56 1
000054: 19000256 0002 56 1
000055: 09000256 0002 56 0
000056: 09000256 0002 56 0
000057: 19000231 0002 31 1
000058: 19000231 0002 31 1
000059: 19000231 0002 31 1
00005A: 09000231 0002 31 0
00005B: 09000231 0002 31 0
00005C: 19000231 0002 31 1
00005D: 19000231 0002 31 1
00005E: 09000231 0002 31 0
00005F: 09000231 0002 31 0
000060: 19000231 0002 31 1
000061: 19000231 0002 31 1
000062: 19000231 0002 31 1
000063: 09000231 0002 31 0

PIO logic analyser example
Arming trigger
Capture:
000000: 0D27F7FF A7F7 FF 0
000001: 0D27F7FF A7F7 FF 0
000002: 0D27F7FF A7F7 FF 0
000003: 1D27F7FF A7F7 FF 1
000004: 1D27F7FF A7F7 FF 1
000005: 0D27F7FF A7F7 FF 0
000006: 0D27F7FF A7F7 FF 0
000007: 1D27F7FF A7F7 FF 1
000008: 1D27F7FF A7F7 FF 1
000009: 1D27F7FF A7F7 FF 1
00000A: 0D27F7FF A7F7 FF 0
00000B: 0D27F7FF A7F7 FF 0
00000C: 190000FF 0000 FF 1
00000D: 190000FF 0000 FF 1
00000E: 090000FF 0000 FF 0
00000F: 090000FF 0000 FF 0
000010: 190000ED 0000 ED 1
000011: 110000FF 0000 FF 1
000012: 110000FF 0000 FF 1
000013: 010000FF 0000 FF 0
000014: 010000FF 0000 FF 0
000015: 110000FF 0000 FF 1
000016: 110000FF 0000 FF 1
000017: 010000FF 0000 FF 0
000018: 010000FF 0000 FF 0
000019: 110000FF 0000 FF 1
00001A: 110000FF 0000 FF 1
00001B: 110000FF 0000 FF 1
00001C: 010000FF 0000 FF 0
00001D: 090000FF 0000 FF 0
00001E: 190000FF 0000 FF 1
00001F: 190000FF 0000 FF 1
000020: 0D0000FF 8000 FF 0
000021: 0D0000FF 8000 FF 0
000022: 1D0000FF 8000 FF 1
000023: 1D0000FF 8000 FF 1
000024: 1D0000FF 8000 FF 1
000025: 0D0000FF 8000 FF 0
000026: 0D0000FF 8000 FF 0
000027: 1D0000FF 8000 FF 1
000028: 190000FF 0000 FF 1
000029: 090000FF 0000 FF 0
00002A: 090000FF 0000 FF 0
00002B: 190000ED 0000 ED 1
00002C: 190000ED 0000 ED 1
00002D: 190000ED 0000 ED 1
00002E: 090000ED 0000 ED 0
00002F: 090000ED 0000 ED 0
000030: 190000ED 0000 ED 1
000031: 190000ED 0000 ED 1
000032: 090000ED 0000 ED 0
000033: 090000ED 0000 ED 0
000034: 090000ED 0000 ED 0
000035: 190000ED 0000 ED 1
000036: 190000ED 0000 ED 1
000037: 090000ED 0000 ED 0
000038: 090000ED 0000 ED 0
000039: 190000ED 0000 ED 1
00003A: 190000ED 0000 ED 1
00003B: 190000ED 0000 ED 1
00003C: 090000ED 0000 ED 0
00003D: 090000ED 0000 ED 0
00003E: 190001ED 0001 ED 1
00003F: 190001ED 0001 ED 1
000040: 090001ED 0001 ED 0
000041: 090001ED 0001 ED 0
000042: 19000156 0001 56 1
000043: 19000156 0001 56 1
000044: 19000156 0001 56 1
000045: 09000156 0001 56 0
000046: 09000156 0001 56 0
000047: 19000156 0001 56 1
000048: 19000156 0001 56 1
000049: 09000156 0001 56 0
00004A: 09000156 0001 56 0
00004B: 19000156 0001 56 1
00004C: 19000156 0001 56 1
00004D: 19000156 0001 56 1
00004E: 09000156 0001 56 0
00004F: 09000156 0001 56 0
000050: 19000156 0001 56 1
000051: 19000156 0001 56 1
000052: 09000156 0001 56 0
000053: 09000156 0001 56 0
000054: 19000156 0001 56 1
000055: 19000256 0002 56 1
000056: 19000256 0002 56 1
000057: 09000256 0002 56 0
000058: 09000236 0002 36 0
000059: 19000231 0002 31 1
00005A: 19000231 0002 31 1
00005B: 09000231 0002 31 0
00005C: 09000231 0002 31 0
00005D: 19000231 0002 31 1
00005E: 19000231 0002 31 1
00005F: 19000231 0002 31 1
000060: 09000231 0002 31 0
000061: 09000231 0002 31 0
000062: 19000231 0002 31 1
000063: 19000231 0002 31 1

